0 1100110000011011000111111111111111100001100
1 11001100000110110001111111111111110
2 1100110000011011000111111111111111100001101
3 1100110000011011000111111110
4 110011000001110101
5 1100110000011011000111111111111111110001
6 1100110000011011000111111111111111100001110
7 110011000001101100010
8 110011000001101100011111110
9 1100110000011011000111111111111110
10 110011000001111100
11 11001100000110110001111111111111111001
12 110011000001101100011111111111111110001
13 110011000001101100011111111111111111000010
14 1100110000011011000111111111111111100001111
15 11001100000110110000
16 110011000001111001
17 11001100000110110001110
18 11001100000110110001111110
19 1100110000011011000111111111110
20 110011000001110100
21 110011000001101100011111111111110
22 110011000001110001
23 1100110000011011000111111111111111101
24 11001100000110110001111111111111111101
25 110011000001101100011111111111111111001
26 110011000001100010
27 11001100000110110001111111111111111100000
28 11001100000110110001111111111111111000010
29 110011000001100000
30 1100110000011011000111111111111111110000110
31 11100100100101000
32 110011000001101001
33 110011000001101000
34 11001100000010000
35 11001100000111111
36 1100110000011011000110
37 110011000001101100011110
38 1100110000011011000111110
39 110011000001110111
40 110011000001110110
41 110011000001101100011111111110
42 11001100000110110001111111110
43 110011000001111101
44 11001100000110110001111111111110
45 110011000001110011
46 110011000001110010
47 1100110000011011000111111111111111111
48 110011000001110000
49 110011000001101111
50 11001100000111101
51 110011000001101110
52 110011000001101101
53 11001100000110101
54 110011000001100011
55 1100110000011011000111111111111111100000
56 11001100000110011
57 11001100000110010
58 1110010010010101
59 1100110000011011000111111111111111110000111
60 110011000001100001
61 11100100100101001
62 1100110000011011001
63 11001100000010011
64 11001100000010010
65 11001100000010001
66 1100110001010011
67 0001001001001101
68 1100110001010010
69 000100100010101
70 0001001001001100
71 110011000001111000
72 000100100100111
73 111001001001011
74 000100100010100
75 000100100010011
76 00010010001000
77 1100110000001011
78 000100100010010
79 110011000101011
80 1100110000001010
81 00010010010010
82 110011000101010
83 110011000101000
84 00010010001011
85 11100100100100
86 11100100110010
87 0001001000110
88 11001100011110
89 11001100000011
90 11100100110011
91 0001001001000
92 0001001000111
93 11001100011111
94 1110010011000
95 1100110000010
96 1110010010011
97 1100110000000
98 000100100001
99 1100110001011
100 1100110001110
101 000100100101
102 000100100000
103 111001001000
104 111001001110
105 111001001111
106 110011000110
107 110011000100
108 111001001101
109 00010010011
110 11100100101
111 11001100001
112 1110011000
113 01011000
114 1110100
115 111000
116 10101
117 0110
118 1100
119 1111
120 0001
121 1001
122 1000
123 0100
124 0010
125 0101
126 0111
127 1011
128 0110
129 0011
130 0000
131 1101
132 1010
133 1000
134 1101
135 0100
136 0011
137 0010
138 0000
139 11000
140 10111
141 10010
142 00011
143 111100
144 111110
145 111101
146 111010
147 110010
148 111011
149 101101
150 011111
151 010111
152 010100
153 1111110
154 1110110
155 1100111
156 1010010
157 1001101
158 0001010
159 11100101
160 10100110
161 11101010
162 10110011
163 111001101
164 111011100
165 111011111
166 00010000
167 00010110
168 01011011
169 01110100
170 01110111
171 10011110
172 10011000
173 10011100
174 01110010
175 01010110
176 01010101
177 111011110
178 110011010
179 110011011
180 110011001
181 101001110
182 111010111
183 111010110
184 111001110
185 101000101
186 111000001
187 011100000
188 111000000
189 111000110
190 111000100
191 101100101
192 111000011
193 111001100
194 111000010
195 111001011
196 111001101
197 111000111
198 111001111
199 101100100
200 111001010
201 101000100
202 101100001
203 111001000
204 100111111
205 011101101
206 100111011
207 100110011
208 100111010
209 101100000
210 111000101
211 101100011
212 101100010
213 011100010
214 100110010
215 011101010
216 011101100
217 100111110
218 010110101
219 011100011
220 010110010
221 010110011
222 010101110
223 010101001
224 011100001
225 010110100
226 000100111
227 1111111111
228 000100011
229 000101111
230 1110011100
231 1110011111
232 000100110
233 1110010001
234 000100101
235 1111111110
236 000100010
237 1111111100
238 1110010000
239 1110011001
240 1110111010
241 1110011110
242 1110111011
243 000101110
244 1111111101
245 1110011101
246 010101111
247 010101000
248 011101011
249 101001111
250 111001001
251 01110011
252 11111110
253 1010000
254 011110
255 10100011
